203800
203800
203800
203800
203800
203800
203800
203800
203800
235471
235471
235471
235471
235471
235471
235471
235471
235471
235471
235471
235471
235471
235471
17036
17036
17036
17036
17036
17036
17036
17036
17036
17036
17036
17036
17036
213742
213742
213742
213742
213742
213742
213742
213742
213742
213742
213742
213742
222582
222582
222582
222582
222582
222582
222582
222582
222582
222582
221936
221936
221936
221936
221936
221936
221936
221936
221936
221936
12720
12720
12720
12720
12720
12720
12720
12720
